2.100000000000000000e+02
2.810000000000000000e+02
2.960000000000000000e+02
2.330000000000000000e+02
1.820000000000000000e+02
2.210000000000000000e+02
2.940000000000000000e+02
3.160000000000000000e+02
2.740000000000000000e+02
2.170000000000000000e+02
2.510000000000000000e+02
3.540000000000000000e+02
3.890000000000000000e+02
3.300000000000000000e+02
2.480000000000000000e+02
2.640000000000000000e+02
3.700000000000000000e+02
4.530000000000000000e+02
4.390000000000000000e+02
3.610000000000000000e+02
3.480000000000000000e+02
4.410000000000000000e+02
5.170000000000000000e+02
4.930000000000000000e+02
4.190000000000000000e+02
4.030000000000000000e+02
4.730000000000000000e+02
5.440000000000000000e+02
5.440000000000000000e+02
4.570000000000000000e+02
4.020000000000000000e+02
4.690000000000000000e+02
5.530000000000000000e+02
5.650000000000000000e+02
5.060000000000000000e+02
4.390000000000000000e+02
4.960000000000000000e+02
6.030000000000000000e+02
6.570000000000000000e+02
6.260000000000000000e+02
6.120000000000000000e+02
7.390000000000000000e+02
9.370000000000000000e+02
1.083000000000000000e+03
1.152000000000000000e+03
1.217000000000000000e+03
1.348000000000000000e+03
1.412000000000000000e+03
1.291000000000000000e+03
1.078000000000000000e+03
9.790000000000000000e+02
1.194000000000000000e+03
1.315000000000000000e+03
1.153000000000000000e+03
9.350000000000000000e+02
8.270000000000000000e+02
9.640000000000000000e+02
-2.048000000000000000e+03
-2.048000000000000000e+03
-2.048000000000000000e+03
-2.048000000000000000e+03
-2.048000000000000000e+03
-2.048000000000000000e+03
-2.048000000000000000e+03
-2.048000000000000000e+03
-2.048000000000000000e+03
-2.048000000000000000e+03
-2.048000000000000000e+03
-2.048000000000000000e+03
-2.048000000000000000e+03
-2.048000000000000000e+03
-2.048000000000000000e+03
-2.048000000000000000e+03
-2.044000000000000000e+03
-1.971000000000000000e+03
-1.898000000000000000e+03
-1.828000000000000000e+03
-1.761000000000000000e+03
-1.693000000000000000e+03
-1.630000000000000000e+03
-1.571000000000000000e+03
-1.511000000000000000e+03
-1.453000000000000000e+03
-1.400000000000000000e+03
-1.348000000000000000e+03
-1.297000000000000000e+03
-1.245000000000000000e+03
-1.201000000000000000e+03
-1.154000000000000000e+03
-1.110000000000000000e+03
-1.067000000000000000e+03
-1.027000000000000000e+03
-9.870000000000000000e+02
-9.500000000000000000e+02
-9.140000000000000000e+02
-8.770000000000000000e+02
-8.430000000000000000e+02
-8.100000000000000000e+02
-7.790000000000000000e+02
-7.490000000000000000e+02
-7.210000000000000000e+02
-6.930000000000000000e+02
-6.650000000000000000e+02
-6.380000000000000000e+02
-6.130000000000000000e+02
-5.890000000000000000e+02
-5.660000000000000000e+02
-5.450000000000000000e+02
-5.220000000000000000e+02
-5.020000000000000000e+02
-4.820000000000000000e+02
-4.610000000000000000e+02
-4.430000000000000000e+02
-4.260000000000000000e+02
-4.080000000000000000e+02
-3.910000000000000000e+02
-3.750000000000000000e+02
-3.600000000000000000e+02
-3.440000000000000000e+02
-3.300000000000000000e+02
-3.160000000000000000e+02
-3.020000000000000000e+02
-2.910000000000000000e+02
-2.780000000000000000e+02
-2.650000000000000000e+02
-2.520000000000000000e+02
-2.430000000000000000e+02
-2.320000000000000000e+02
-2.210000000000000000e+02
-2.130000000000000000e+02
-2.020000000000000000e+02
-1.940000000000000000e+02
-1.850000000000000000e+02
-1.770000000000000000e+02
-1.680000000000000000e+02
-1.610000000000000000e+02
-1.520000000000000000e+02
-1.460000000000000000e+02
-1.370000000000000000e+02
-1.310000000000000000e+02
-1.240000000000000000e+02
-1.180000000000000000e+02
-1.130000000000000000e+02
-1.060000000000000000e+02
-1.010000000000000000e+02
-9.400000000000000000e+01
-8.900000000000000000e+01
-8.500000000000000000e+01
-7.800000000000000000e+01
-7.400000000000000000e+01
-7.100000000000000000e+01
-6.700000000000000000e+01
-6.100000000000000000e+01
-5.700000000000000000e+01
-5.400000000000000000e+01
-5.100000000000000000e+01
-4.600000000000000000e+01
-4.300000000000000000e+01
-4.000000000000000000e+01
-3.700000000000000000e+01
-3.400000000000000000e+01
-2.900000000000000000e+01
-2.700000000000000000e+01
-2.400000000000000000e+01
-2.200000000000000000e+01
-2.000000000000000000e+01
-1.800000000000000000e+01
-1.400000000000000000e+01
-1.200000000000000000e+01
-9.000000000000000000e+00
-8.000000000000000000e+00
-6.000000000000000000e+00
-5.000000000000000000e+00
-3.000000000000000000e+00
-1.000000000000000000e+00
0.000000000000000000e+00
2.000000000000000000e+00
3.000000000000000000e+00
4.000000000000000000e+00
6.000000000000000000e+00
8.000000000000000000e+00
9.000000000000000000e+00
1.000000000000000000e+01
1.100000000000000000e+01
1.200000000000000000e+01
1.300000000000000000e+01
1.600000000000000000e+01
1.800000000000000000e+01
1.800000000000000000e+01
2.000000000000000000e+01
2.000000000000000000e+01
2.100000000000000000e+01
2.200000000000000000e+01
2.300000000000000000e+01
2.400000000000000000e+01
2.400000000000000000e+01
2.500000000000000000e+01
2.500000000000000000e+01
2.700000000000000000e+01
2.700000000000000000e+01
2.700000000000000000e+01
2.800000000000000000e+01
2.800000000000000000e+01
2.900000000000000000e+01
3.200000000000000000e+01
3.300000000000000000e+01
3.200000000000000000e+01
3.200000000000000000e+01
3.400000000000000000e+01
3.500000000000000000e+01
3.500000000000000000e+01
3.400000000000000000e+01
3.500000000000000000e+01
3.500000000000000000e+01
3.600000000000000000e+01
3.800000000000000000e+01
3.600000000000000000e+01
3.600000000000000000e+01
3.700000000000000000e+01
3.700000000000000000e+01
3.900000000000000000e+01
3.800000000000000000e+01
3.700000000000000000e+01
3.800000000000000000e+01
4.000000000000000000e+01
4.100000000000000000e+01
4.000000000000000000e+01
3.800000000000000000e+01
3.900000000000000000e+01
4.000000000000000000e+01
4.200000000000000000e+01
4.000000000000000000e+01
3.900000000000000000e+01
4.000000000000000000e+01
4.100000000000000000e+01
4.300000000000000000e+01
4.300000000000000000e+01
4.000000000000000000e+01
4.100000000000000000e+01
4.100000000000000000e+01
4.300000000000000000e+01
4.300000000000000000e+01
4.100000000000000000e+01
4.100000000000000000e+01
4.200000000000000000e+01
4.500000000000000000e+01
4.500000000000000000e+01
4.200000000000000000e+01
4.100000000000000000e+01
4.200000000000000000e+01
4.500000000000000000e+01
4.500000000000000000e+01
4.200000000000000000e+01
4.200000000000000000e+01
4.300000000000000000e+01
4.800000000000000000e+01
5.000000000000000000e+01
4.400000000000000000e+01
4.100000000000000000e+01
4.300000000000000000e+01
4.500000000000000000e+01
4.900000000000000000e+01
4.300000000000000000e+01
4.100000000000000000e+01
4.300000000000000000e+01
4.800000000000000000e+01
5.200000000000000000e+01
7.500000000000000000e+01
3.800000000000000000e+01
4.000000000000000000e+01
4.300000000000000000e+01
4.900000000000000000e+01
4.400000000000000000e+01
4.000000000000000000e+01
4.100000000000000000e+01
4.300000000000000000e+01
5.000000000000000000e+01
3.480000000000000000e+02
2.200000000000000000e+01
2.700000000000000000e+01
3.500000000000000000e+01
4.000000000000000000e+01
1.210000000000000000e+02
2.900000000000000000e+01
3.300000000000000000e+01
3.600000000000000000e+01
4.100000000000000000e+01
8.650000000000000000e+02
-8.000000000000000000e+00
-1.100000000000000000e+01
1.000000000000000000e+00
1.100000000000000000e+01
4.120000000000000000e+02
-1.800000000000000000e+01
-6.000000000000000000e+00
1.000000000000000000e+00
9.000000000000000000e+00
1.057000000000000000e+03
1.251000000000000000e+03
-1.020000000000000000e+02
-7.700000000000000000e+01
-6.000000000000000000e+01
5.050000000000000000e+02
1.640000000000000000e+02
-1.050000000000000000e+02
-8.600000000000000000e+01
-7.100000000000000000e+01
5.080000000000000000e+02
2.047000000000000000e+03
-2.130000000000000000e+02
-1.810000000000000000e+02
-1.560000000000000000e+02
2.920000000000000000e+02
1.805000000000000000e+03
-2.520000000000000000e+02
-2.200000000000000000e+02
-1.980000000000000000e+02
6.500000000000000000e+01
2.047000000000000000e+03
-2.060000000000000000e+02
-3.580000000000000000e+02
-3.250000000000000000e+02
-9.700000000000000000e+01
2.047000000000000000e+03
-1.240000000000000000e+02
-4.650000000000000000e+02
-4.260000000000000000e+02
-3.380000000000000000e+02
2.047000000000000000e+03
2.047000000000000000e+03
-7.230000000000000000e+02
-6.690000000000000000e+02
-6.210000000000000000e+02
2.047000000000000000e+03
2.047000000000000000e+03
-8.450000000000000000e+02
-7.890000000000000000e+02
-7.410000000000000000e+02
2.047000000000000000e+03
2.047000000000000000e+03
2.047000000000000000e+03
2.047000000000000000e+03
2.047000000000000000e+03
2.047000000000000000e+03
2.047000000000000000e+03
2.047000000000000000e+03
2.047000000000000000e+03
2.047000000000000000e+03
2.047000000000000000e+03
2.047000000000000000e+03
2.047000000000000000e+03
2.047000000000000000e+03
2.047000000000000000e+03
2.047000000000000000e+03
2.047000000000000000e+03
2.047000000000000000e+03
2.047000000000000000e+03
2.047000000000000000e+03
2.041000000000000000e+03
1.970000000000000000e+03
1.900000000000000000e+03
1.833000000000000000e+03
1.768000000000000000e+03
1.706000000000000000e+03
1.648000000000000000e+03
1.589000000000000000e+03
1.532000000000000000e+03
1.478000000000000000e+03
1.427000000000000000e+03
1.377000000000000000e+03
1.328000000000000000e+03
1.282000000000000000e+03
1.236000000000000000e+03
1.192000000000000000e+03
1.152000000000000000e+03
1.109000000000000000e+03
1.072000000000000000e+03
1.033000000000000000e+03
9.970000000000000000e+02
9.630000000000000000e+02
9.300000000000000000e+02
8.970000000000000000e+02
8.660000000000000000e+02
8.360000000000000000e+02
8.060000000000000000e+02
7.780000000000000000e+02
7.530000000000000000e+02
7.260000000000000000e+02
7.000000000000000000e+02
6.770000000000000000e+02
6.620000000000000000e+02
-2.048000000000000000e+03
-2.048000000000000000e+03
-2.048000000000000000e+03
-2.048000000000000000e+03
-2.048000000000000000e+03
-2.048000000000000000e+03
-2.048000000000000000e+03
-2.048000000000000000e+03
-2.048000000000000000e+03
-2.048000000000000000e+03
-2.048000000000000000e+03
-2.048000000000000000e+03
-2.048000000000000000e+03
-2.048000000000000000e+03
-2.048000000000000000e+03
-2.048000000000000000e+03
-2.048000000000000000e+03
-2.048000000000000000e+03
-2.048000000000000000e+03
-2.048000000000000000e+03
-2.007000000000000000e+03
-1.932000000000000000e+03
-1.862000000000000000e+03
-1.793000000000000000e+03
-1.725000000000000000e+03
-1.662000000000000000e+03
-1.601000000000000000e+03
-1.541000000000000000e+03
-1.482000000000000000e+03
-1.428000000000000000e+03
-1.372000000000000000e+03
-1.321000000000000000e+03
-1.271000000000000000e+03
-1.223000000000000000e+03
-1.176000000000000000e+03
-1.131000000000000000e+03
-1.089000000000000000e+03
-1.047000000000000000e+03
-1.006000000000000000e+03
-9.680000000000000000e+02
-9.310000000000000000e+02
-8.940000000000000000e+02
-8.600000000000000000e+02
-8.270000000000000000e+02
-7.950000000000000000e+02
-7.630000000000000000e+02
-7.330000000000000000e+02
-7.070000000000000000e+02
-6.780000000000000000e+02
-6.510000000000000000e+02
-6.270000000000000000e+02
-6.010000000000000000e+02
-5.780000000000000000e+02
-5.540000000000000000e+02
-5.330000000000000000e+02
-5.130000000000000000e+02
-4.910000000000000000e+02
-4.720000000000000000e+02
-4.530000000000000000e+02
-4.350000000000000000e+02
-4.170000000000000000e+02
-4.010000000000000000e+02
-3.820000000000000000e+02
-3.660000000000000000e+02
-3.530000000000000000e+02
-3.380000000000000000e+02
-3.240000000000000000e+02
-3.100000000000000000e+02
-2.960000000000000000e+02
-2.820000000000000000e+02
-2.690000000000000000e+02
-2.540000000000000000e+02
-2.460000000000000000e+02
-2.370000000000000000e+02
-1.450000000000000000e+02
1.696000000000000000e+03
2.047000000000000000e+03
2.047000000000000000e+03
2.047000000000000000e+03
2.047000000000000000e+03
2.047000000000000000e+03
2.047000000000000000e+03
1.244000000000000000e+03
-5.150000000000000000e+02
-7.150000000000000000e+02
9.030000000000000000e+02
2.047000000000000000e+03
-1.166000000000000000e+03
-1.634000000000000000e+03
-1.548000000000000000e+03
-1.480000000000000000e+03
-1.418000000000000000e+03
-1.363000000000000000e+03
-1.309000000000000000e+03
-1.259000000000000000e+03
-1.211000000000000000e+03
-1.163000000000000000e+03
-1.121000000000000000e+03
-1.078000000000000000e+03
-1.035000000000000000e+03
-9.970000000000000000e+02
-9.570000000000000000e+02
-9.210000000000000000e+02
-8.870000000000000000e+02
-8.530000000000000000e+02
-8.200000000000000000e+02
-7.870000000000000000e+02
-7.560000000000000000e+02
-7.270000000000000000e+02
-6.990000000000000000e+02
-6.690000000000000000e+02
-5.820000000000000000e+02
2.047000000000000000e+03
2.047000000000000000e+03
1.882000000000000000e+03
-1.198000000000000000e+03
-1.132000000000000000e+03
-1.080000000000000000e+03
-1.034000000000000000e+03
-9.940000000000000000e+02
-9.520000000000000000e+02
